0 674 443 101 214 1151 460 117 349 589 441 88 211 1490 459 152 318 
1 673 442 101 215 587 441 90 211 1152 461 117 348 1487 457 148 322 
2 672 441 102 216 587 441 89 213 1153 462 117 346 1486 457 145 319 
3 669 442 100 215 586 441 89 212 1154 461 117 348 1484 454 144 323 
4 669 441 94 216 585 441 90 212 1155 462 116 346 1486 450 137 331 
5 665 440 93 218 584 442 90 211 1156 465 116 341 1487 443 135 344 
6 664 440 93 219 583 442 90 211 1156 465 117 340 1480 445 134 338 
7 660 441 90 218 583 443 91 207 1157 465 116 340 1482 445 130 334 
8 659 440 91 218 582 442 92 209 1158 466 115 338 1481 444 132 337 
9 658 440 91 218 582 442 92 208 1476 436 140 346 1159 464 116 339 
10 629 522 118 245 1021 570 197 329 558 550 130 176 1103 548 172 267 
11 630 522 115 246 1021 570 197 329 559 550 129 176 1103 547 172 268 
12 631 522 115 246 1021 570 197 329 559 550 129 177 1103 547 172 269 
13 630 523 119 245 1020 570 198 329 559 550 131 177 1103 547 172 268 
14 630 525 120 242 1020 570 199 329 559 551 132 176 1103 548 172 267 
15 629 525 122 241 1020 570 198 329 560 550 132 176 1104 548 171 267 
16 631 525 118 240 1020 570 198 329 561 549 132 178 1104 548 171 267 
17 632 525 118 240 1020 570 199 329 561 549 131 178 1104 547 170 268 
18 633 525 116 241 1020 569 199 330 562 549 130 177 1103 547 171 268 
19 634 526 116 239 1020 569 199 331 562 549 131 177 1103 547 171 268 
20 634 525 115 241 1020 569 199 331 562 549 129 177 1103 547 171 268 
21 632 524 117 242 1020 570 199 329 562 549 130 177 1103 547 171 268 
22 632 525 120 240 1019 570 200 329 562 549 132 177 1103 547 171 268 
23 633 525 120 241 1019 570 200 329 562 549 132 177 1103 547 171 268 
24 633 525 120 240 1019 570 200 329 562 549 131 177 1103 547 171 268 
25 633 526 119 239 1019 570 199 330 563 548 129 178 1103 546 171 270 
26 634 526 119 239 1019 570 199 329 562 548 128 178 1103 547 171 269 
27 634 526 119 239 1019 570 199 329 561 548 130 178 1103 547 171 269 
28 633 525 119 240 1019 571 199 328 563 548 129 178 1103 547 170 269 
29 634 525 120 240 1019 571 199 328 561 548 130 177 1103 546 170 270 
30 634 524 122 240 1019 571 199 327 560 549 131 176 1103 546 170 271 
31 635 524 122 240 1019 571 199 328 559 549 132 175 1103 546 170 271 
32 635 524 123 241 1019 571 199 328 559 548 132 176 1103 545 170 272 
33 636 523 123 242 1019 571 199 328 559 547 131 177 1103 545 170 272 
34 636 522 125 243 1019 572 198 327 558 547 133 178 1104 545 169 272 
35 636 522 125 244 1019 572 198 327 559 547 133 178 1104 545 168 273 
36 636 522 126 244 1019 571 198 328 559 547 134 178 1104 545 168 273 
37 635 521 128 245 1019 572 198 327 558 548 135 176 1103 545 170 273 
38 636 521 127 245 1019 571 198 328 558 548 134 176 1103 545 170 274 
39 637 520 127 246 1019 572 198 327 557 549 135 174 1103 545 169 273 
40 638 519 125 247 1019 572 197 327 558 548 134 175 1103 546 169 272 
41 640 519 124 247 1019 572 197 327 558 548 133 175 1104 545 169 273 
42 640 518 124 248 1019 572 197 327 558 547 133 177 1103 545 170 273 
43 641 517 123 249 1019 572 197 326 559 546 132 178 1104 545 169 273 
44 642 517 123 249 558 546 133 178 1019 572 197 326 1103 545 170 273 
45 643 516 122 250 557 547 133 177 1018 573 198 325 1103 545 170 273 
46 644 515 123 251 556 548 134 175 1018 573 198 325 1103 546 170 272 
47 645 514 122 252 555 548 136 175 1018 573 198 325 1103 545 170 273 
48 645 514 122 251 556 548 136 176 1018 573 198 325 1103 545 169 273 
49 644 514 122 251 557 548 135 177 1018 573 198 325 1103 545 169 273 
50 644 514 122 252 556 549 136 175 1018 573 198 324 1103 545 170 273 
51 643 513 124 252 555 549 137 176 1019 573 197 324 1103 545 169 274 
52 643 512 124 253 555 548 136 177 1018 573 198 324 1103 546 170 272 
53 644 511 124 255 555 548 136 177 1018 573 198 324 1103 546 170 272 
54 645 510 122 256 556 548 135 178 1018 574 198 323 1103 546 169 272 
55 645 509 123 257 557 548 135 179 1019 573 197 325 1104 545 168 273 
56 647 508 121 259 557 547 134 180 1018 573 198 325 1104 545 168 273 
57 648 507 122 260 557 547 135 180 1019 573 197 325 1104 545 168 273 
58 649 506 122 262 557 547 136 180 1019 573 197 325 1104 545 168 273 
59 650 506 122 262 556 547 139 180 1019 573 197 325 1104 545 168 274 
60 651 506 121 261 557 548 138 179 1019 572 197 326 1103 545 169 274 
61 651 507 121 260 557 548 139 180 1019 572 197 326 1103 546 169 273 
62 652 508 120 259 557 548 139 179 1019 572 197 326 1103 546 169 273 
63 651 509 121 257 557 549 139 178 1019 572 198 326 1103 546 169 272 
64 650 509 122 257 557 549 140 179 1019 572 197 326 1103 546 169 272 
65 650 509 122 257 557 549 139 179 1019 572 197 326 1103 546 169 272 
66 650 508 121 258 558 549 138 179 1019 572 197 326 1103 546 169 272 
67 650 508 121 257 559 549 137 180 1019 572 198 326 1103 546 169 272 
68 650 508 121 256 559 548 138 181 1019 572 198 327 1103 547 169 271 
69 651 508 122 256 560 548 137 181 1019 572 198 327 1103 547 169 271 
70 652 508 121 255 560 548 136 182 1020 572 196 327 1103 547 169 272 
71 653 509 121 254 561 548 136 182 1020 572 196 327 1103 547 170 271 
72 653 509 121 254 561 548 136 182 1020 572 196 327 1103 547 170 272 
73 653 509 122 254 561 548 137 182 1019 572 197 326 1103 546 170 273 
74 653 510 123 253 560 549 138 181 1019 572 197 326 1103 546 170 273 
75 654 509 123 255 560 549 138 181 1019 573 197 325 1103 546 170 272 
76 654 510 123 253 560 549 138 181 1019 573 197 325 1103 547 170 271 
77 655 509 121 255 560 548 138 182 1019 573 197 325 1103 547 170 271 
78 655 510 122 253 560 548 138 182 1020 573 196 325 1103 548 170 269 
79 655 510 122 254 560 548 138 182 1020 573 196 325 1103 548 170 269 
80 655 510 122 254 560 548 137 182 1020 573 196 326 1103 548 170 269 
81 656 510 122 255 560 549 137 182 1020 572 196 327 1103 548 170 269 
82 656 510 122 255 560 548 137 183 1020 572 196 327 1103 548 170 269 
83 656 509 122 256 560 548 137 183 1020 572 196 327 1103 548 170 269 
84 657 509 121 256 560 548 137 183 1020 573 196 326 1103 548 171 269 
85 656 510 122 255 560 548 137 183 1020 573 196 326 1103 548 170 269 
86 656 510 122 255 560 548 137 183 1020 573 196 326 1103 549 170 267 
87 657 509 122 256 560 547 137 184 1019 573 197 325 1103 548 171 268 
88 657 509 122 256 560 547 137 184 1019 573 197 325 1103 549 171 267 
89 658 509 120 257 561 548 135 183 1020 573 196 325 1103 549 171 267 
90 658 510 122 255 562 548 133 182 1020 573 196 325 1103 549 171 267 
91 658 510 122 255 562 548 134 183 1020 573 196 325 1104 548 170 268 
92 658 510 122 255 562 548 134 183 1020 573 196 326 1104 548 170 268 
93 659 510 121 255 562 548 133 182 1020 573 195 325 1104 549 170 267 
94 659 510 122 255 562 548 133 182 1020 573 195 325 1104 549 170 267 
95 660 510 122 255 562 548 133 182 1020 573 195 326 1104 549 170 267 
96 660 510 123 255 561 548 134 182 1020 573 195 326 1104 549 170 266 
97 661 511 123 253 561 547 134 183 1020 573 195 326 1105 549 169 266 
98 560 548 135 183 661 512 124 251 1021 573 194 326 1105 549 169 266 
99 560 547 135 184 662 513 124 250 1021 573 194 326 1105 549 170 266 
100 560 546 134 185 662 513 125 249 1021 573 194 326 1105 549 169 266 
101 560 546 134 185 661 512 128 250 1021 574 194 324 1106 549 168 265 
102 560 546 134 186 661 512 129 250 1021 574 194 324 1106 549 169 266 
103 561 546 133 186 661 511 130 252 1021 574 193 324 1105 550 170 265 
104 561 546 133 187 661 512 131 251 1021 574 193 325 1105 549 170 266 
105 561 546 134 187 661 511 131 252 1021 574 194 325 1106 549 169 266 
106 561 545 134 188 661 511 131 252 1022 574 193 325 1106 548 169 267 
107 561 545 133 189 1022 573 193 326 661 511 133 252 1106 549 169 266 
108 561 544 133 190 661 511 132 253 1022 574 193 325 1106 549 169 265 
109 560 544 134 190 660 510 132 254 1022 573 193 327 1107 549 168 265 
110 560 544 134 190 1022 573 193 327 659 510 133 254 1107 549 168 265 
111 560 544 134 191 659 510 132 255 1022 573 193 327 1107 549 168 265 
112 560 544 133 191 1022 572 193 329 658 511 135 253 1107 548 168 266 
113 560 544 133 191 1022 572 192 328 660 511 131 253 1107 549 168 265 
114 561 543 131 193 1023 572 191 329 659 512 135 251 1107 549 168 265 
115 561 544 131 191 1023 572 191 329 659 512 133 252 1107 549 167 265 
116 562 544 130 191 1023 572 191 329 658 515 130 248 1107 549 167 265 
117 562 543 131 193 1022 572 192 328 657 515 133 248 1107 549 168 264 
118 563 544 132 191 1023 572 191 328 654 514 130 250 1107 550 167 263 
119 563 544 132 190 1023 572 192 328 656 512 125 254 1107 550 167 263 
120 564 544 132 190 658 512 120 253 1023 572 192 328 1107 549 167 265 
121 566 545 130 188 659 511 113 254 1023 572 193 329 1107 550 168 264 
122 564 542 132 194 1023 571 193 330 655 509 137 256 1107 549 168 265 
123 564 541 131 195 1022 571 196 330 651 504 146 265 1106 550 169 264 
124 563 541 132 196 1022 571 197 330 649 501 152 270 1106 550 169 265 
125 564 540 130 196 1023 570 196 332 653 500 144 272 1106 551 169 265 
126 563 539 131 199 1023 570 198 332 651 501 153 268 1106 552 170 264 
127 563 539 131 198 1022 570 200 332 652 498 150 274 1104 553 173 266 
128 1023 570 198 332 564 539 132 199 654 494 142 280 1103 555 176 268 
129 1023 569 200 335 564 540 133 198 653 494 147 279 1102 556 179 269 
130 1023 568 201 338 565 541 133 196 655 493 141 280 1100 557 182 270 
131 567 542 131 195 1024 567 199 340 658 494 134 278 1096 558 188 269 
132 566 544 132 192 1024 565 199 343 657 498 139 272 1094 559 190 269 
133 565 545 133 190 1024 565 199 343 656 500 145 267 1092 559 194 269 
134 1023 565 203 343 564 545 135 191 657 504 146 259 1090 558 196 270 
135 566 544 135 194 1024 564 201 344 655 508 150 251 1088 560 200 268 
136 565 543 138 196 1023 563 204 345 655 509 153 250 1086 560 202 267 
137 1022 562 209 344 562 541 141 198 677 501 131 265 1081 558 211 269 
138 1023 562 212 342 564 538 140 203 675 503 137 262 
139 1022 564 218 334 565 535 138 208 675 508 145 253 
140 1022 564 224 332 567 532 139 213 663 498 186 270 
141 1020 563 230 332 566 531 143 213 666 504 183 261 
142 1017 564 233 329 570 530 139 213 675 511 149 250 
143 1015 567 237 323 571 529 137 213 674 511 145 253 
144 1016 569 238 321 575 529 138 213 679 516 127 246 
145 1016 570 240 319 577 531 139 209 675 519 142 244 
146 1016 568 238 321 582 532 139 206 673 522 144 238 
